        mor_cpulmon mor_cirro c_alcohol he_trafico mor_perinatal morinf espvidah espvidam diascama por_ambu por_hos pobcama adhos gast_medi pib_salud pib_gsalud
australia  	53.30	  11.80	9.40	2006.00	1.22	0.96	78.00	70.90	21.00	84.00	100.00	91.00	21.00	796.00	7.50	4.90
austria    	69.50	  42.70	10.20	8582.00	1.13	1.19	76.10	69.00	20.70	99.00	99.00	93.00	20.30	684.00	7.30	4.60
bélgica    	112.80	16.80	11.10	8056.00	1.30	1.12	75.50	69.80	13.90	93.00	98.00	106.00	13.90	636.00	6.50	6.00
canada     	63.20	  13.00	9.00	9154.00	1.02	0.85	79.00	71.00	14.70	100.00	100.00	145.00	14.70	1058.00	8.20	6.20
dinamarca  	86.00	  13.50	10.30	2569.00	0.90	0.77	77.60	71.40	19.20	100.00	100.00	130.00	18.70	736.00	6.60	5.60
finlandia  	79.50	  8.50	6.40	1927.00	0.74	0.62	77.60	69.20	20.90	100.00	100.00	64.00	21.70	629.00	6.60	5.20
francia    	60.10	  38.00	15.20	5407.00	1.19	0.89	78.30	70.10	11.80	99.00	100.00	90.00	12.10	996.00	9.30	6.60
alemania   	71.90	  34.40	11.00	7965.00	0.96	1.03	76.50	69.70	18.10	92.00	95.00	90.00	18.10	883.00	8.20	6.60
grecia     	68.10	  16.40	6.80	2881.00	1.87	1.46	77.80	73.20	11.90	98.00	98.00	162.00	11.90	256.00	4.70	3.40
islandia   	32.20	  0.80	3.20	2586.00	0.73	0.61	80.50	73.60	20.20	100.00	100.00	92.00	20.00	832.00	7.60	6.60
irlanda    	54.70	  4.80	6.60	2265.00	1.36	0.98	75.00	69.50	17.60	36.00	100.00	103.00	17.60	532.00	7.20	7.50
italia     	74.60	  49.90	12.30	3839.00	1.52	1.24	77.40	70.70	15.40	100.00	100.00	127.00	15.60	607.00	7.40	6.20
japon      	30.10	  20.30	5.70	5840.00	0.93	0.62	79.20	73.70	6.70	100.00	100.00	84.00	6.40	673.00	6.70	5.00
luxemburgo 	101.10	34.30	18.00	5758.00	1.20	1.12	75.10	68.00	18.10	100.00	100.00	76.00	17.80	719.00	6.50	7.40
paisesbajos	101.40	7.10	8.90	3649.00	0.98	0.84	79.20	72.50	11.80	76.00	88.00	83.00	11.90	851.00	8.80	6.90
NZelanda   	53.40	  5.80	7.80	4967.00	1.06	1.25	76.40	69.70	15.70	100.00	100.00	100.00	15.60	481.00	5.70	5.30
noruega    	45.20	  6.50	3.80	2569.00	0.96	0.79	79.00	72.20	14.90	100.00	100.00	148.00	14.60	822.00	6.90	6.20
portugal   	27.30	  47.20	13.50	4176.00	2.55	1.90	75.00	67.00	9.60	100.00	100.00	195.00	9.60	248.00	5.70	3.90
españa     	41.10	  32.30	12.80	2937.00	1.57	0.96	78.00	71.50	9.20	87.00	  86.00	185.00  9.20	417.00	6.30	4.40
suecia     	43.00	  12.60	5.00	2377.00	0.73	0.70	78.90	72.60	19.20	100.00	100.00	71.00	18.90	1239.00	9.60	8.80
suiza      	69.80	  19.70	11.70	4992.00	0.91	0.80	79.10	72.40	12.80	97.00	  98.00	87.00   12.80	990.00	7.80	4.70
GranBretaña	107.20	  4.90	7.10	5934.00	1.05	1.02	75.90	70.20	12.70	100.00	100.00	124.00  12.70	539.00	6.20	5.50
USA        	68.40	  17.90	10.50	8268.00	1.26	1.09	76.70	69.60	17.00	25.00	  40.00	169.00	17.00	1388.00	10.80	4.50